obj_st_fp
-1269.6334384346758

obj_dt_fp
-1242.020286985789

obj_st_fp_socfix
-1254.7038129019606

expected_obj_st_rh


expected_obj_dt_rh
24223.047269942635

[-826.38,7462.03,36162.58,13395.81,18677.75,22980.95,20129.48,32080.46,15720.69,6041.35,9203.38,19760.02,53794.81,61379.33,14850.81,36173.15,18892.44,10124.62,1721.83,3608.55,18007.42,64690.46,95618.28,37713.53,6403.34,2879.47,4752.95,17108.37,29045.72,5639.02,8031.26,6455.09,8305.54,33904.43,37189.89,22680.84,50470.03,28851.15,4225.61,13102.49,43880.51,50363.22,42488.08,24487.56,49589.67,36783.98,25973.49,11477.73,13938.53,15761.03]

time_taken_dt_rolling
312.375384264






obj_st_rh_S1
-826.3833626091658





Screen 29110: rolling_stochastic
Screen 11488: rolling_deterministic
Screen 11818: fullproblem_stochastic_socfix Done
Screen 32   : rolling_stochastic with only scenario 1 Done